Name: robert_d
-2.0280244
0.34776068
0.5521194
0.10650268
-0.29764235
0.2541794
1.215183
0.82861066
-0.6976938
1.4313004
0.20201942
-1.4265242
0.054987513
0.61779267
0.4601577
-0.33643892
-0.119883746
-0.4257055
-1.4754866
-0.60039777
0.018570209
-0.486211
-0.5753788
-2.1593194
1.4259822
-0.1626249
0.4457916
-0.46404684
-1.467103
0.3767251
0.011166647
0.16840377
0.82385516
-0.30265972
0.73184544
0.69761306
1.2329154
0.06035354
0.8926458
0.5598021
0.77998376
-0.15337403
-0.0010068864
-0.28581583
-0.22161008
0.75153214
0.037156828
-0.761769
-0.034899816
0.8269943
-0.47361052
0.9894294
-0.28929815
0.3529701
-0.51325345
-0.6969287
0.2925299
-0.8363135
0.20861016
-0.39027524
0.18694848
-1.1443539
-0.11760655
1.307717
0.85056555
-0.10178898
-0.6773671
1.3788598
0.2771799
1.5661594
0.97696674
0.48493958
-0.7123679
-0.5535442
-1.3240284
1.6383953
0.5949434
-0.38000906
1.5751988
-1.6527678
-1.429074
-0.23296487
-0.32784703
0.541489
0.7258085
0.026368208
0.7516218
0.51064813
-0.7224242
-0.5046858
1.3757385
0.30097643
-1.2552483
-1.0143731
0.96294683
0.43188238
0.74327666
0.61913526
-0.04080616
-0.04971934
-0.029994503
0.46110028
-0.17243361
-0.29438284
0.63409
0.20664644
0.07126163
-0.42832792
-0.24593793
0.19493198
0.71208084
0.017145421
0.58788717
1.4215758
0.26433888
0.6619247
0.15337785
0.6490781
1.1795474
0.24962842
-0.8109793
0.34199026
-0.15372217
1.9509475
-0.18665028
0.7534071
-1.0805826
-0.3081603
0.17458974
-0.32064742
0.9706974
-0.5374795
1.41795
-0.3974137
-0.5741801
1.254909
0.5271534
-0.19146715
-0.071100585
-0.28940958
0.32351047
1.2253851
-0.026844213
1.2205391
-0.2680198
0.25511009
-0.81918395
-0.4633659
-1.2620708
0.3549586
0.14574932
-0.7594727
0.86435497
-0.23140806
0.37157747
0.94454455
0.04472062
-0.057112478
-0.65444154
-1.2547765
-0.8156055
0.51091564
0.55177593
0.08170001
-0.58053964
0.70565915
-0.72002715
0.2359057
-0.071295686
0.06273721
-0.61319256
1.2270106
-0.7367702
0.89542806
-0.32294863
-0.008723918
0.020993091
1.0928999
1.0320566
0.24120651
0.47193974
0.053896006
-1.839592
0.060723662
-0.75653696
-0.31350303
0.6083472
0.42557025
-0.1794086
0.14608791
-0.20662363
-0.51745397
0.016459037
-1.188111
0.7997732
-1.2473717
-0.29671878
-0.016110286
0.41498205
-0.04011128
0.10579154
-0.10180864
-0.039175387
0.68033135
0.2991724
1.2147887
-0.3612811
0.030010477
0.023012921
0.27299672
1.7750914
-0.2862736
-0.64809537
-0.52316344
0.12756848
-0.67627966
-0.592804
-0.05933549
-0.14251603
1.2169592
0.04885859
0.90803736
-0.7765347
1.0923893
-0.6821963
0.33103564
-0.33648235
0.5230781
0.29578054
-1.2971194
-0.6857824
0.73614454
0.5524646
-0.13650063
-1.0333933
1.5085073
0.7693863
-0.73696846
1.1960409
-0.5005838
0.9831367
-0.13766249
-2.1949553
0.29458097
1.647651
0.553586
-0.32900125
-0.5520488
-0.3135362
0.42606688
-0.16868983
0.53042626
0.35349178
0.5399082
-0.6975994
0.008256078
-1.3010192
0.8765926
0.09172901
0.35210317
-1.8956784
-0.7908809
-0.07884
-0.38303718
0.48118216
0.73340243
-0.6988724
0.1344574
0.5879792
0.048484612
0.44447598
1.226538
0.81616294
0.56294954
0.30339766
1.1949809
0.31728548
-0.7204887
0.53202677
1.0015912
0.9722704
-0.43592718
-1.3260269
-0.76599556
1.5666401
1.0034537
0.11683707
0.6898168
-0.39563823
0.26678362
1.0576992
-0.10130368
-0.03151451
0.5277505
-0.8807639
0.36095008
1.1015605
0.057442285
-1.4311922
-2.0490594
0.36314586
-0.37211016
0.8781817
-0.66821223
-0.12914574
-0.43785843
-0.111106426
0.6508869
-0.07558576
0.4397971
-0.7875918
0.46202672
0.9380079
-0.80443245
-0.90471697
0.6325375
-0.38011798
0.30548856
-1.9111664
0.97073853
-0.019569814
-0.58674717
0.6762265
0.13587832
0.52767
-0.3025431
-0.17311026
0.962833
-0.23231603
-0.39463392
0.03937327
-0.6418717
1.7330208
-1.4230533
-0.51149356
0.68803877
-0.70996463
0.48208335
-0.24076533
0.31869867
0.20879474
-0.5177066
-0.5110966
0.43805298
-0.15524061
1.521499
-0.43362314
0.306773
0.09646426
0.046450634
0.5987753
-0.6469948
-0.23452762
-1.6210221
0.2715914
-0.49000278
-0.4524572
0.5893253
-0.9847791
-1.5077155
-0.74369985
-0.0465375
0.5584888
-0.20324741
0.17675161
-0.6923394
-0.0018458068
-0.44521242
-0.34167433
0.7729737
-0.8178919
-0.6419552
0.12802035
-0.67750424
-0.18293624
-0.028254345
0.18393908
0.40208662
0.27592415
2.1856964
-0.9933152
-0.8184544
0.8898412
0.5854613
-0.95630795
0.2892862
-0.6037064
-0.70736307
-0.5315078
-1.6263677
0.73036563
0.37698615
0.7481799
0.5149224
-0.88008434
-0.8361202
1.1417832
-0.3797413
-0.50105965
-0.079031624
-0.15183118
-0.8026918
-1.2412014
-0.5373483
0.88150704
0.084034026
0.24634472
0.8548951
1.2920787
-1.9424645
-0.79613346
-0.6315058
-0.56242716
-0.09055078
-0.7297247
0.11184551
0.72665435
-2.4230967
-0.39282826
0.51381016
-0.6852801
0.5098976
0.47073352
0.99532235
0.45875818
0.27264267
-0.8412374
-1.2202094
0.47035098
-1.1431988
-1.3817368
0.00577737
0.15984039
0.055773176
-0.2837401
-1.0371225
0.5522431
0.54861045
0.55998456
-0.8235585
-0.084334806
0.5133349
0.612515
0.12990446
-0.09590984
-0.5739316
-0.4332889
0.31786254
0.7473008
1.213066
-0.32712904
0.17910667
-0.67964023
0.99484533
0.92789114
0.47053957
0.31336516
1.1459211
0.97752976
-1.3437457
-0.12554443
0.58317786
0.99801743
0.31628394
1.1717515
-0.07396728
0.34416538
-0.5485615
0.9808999
-0.58089846
0.48235855
0.24045147
0.5579807
0.58398956
0.34645706
0.11481319
0.72449565
-0.3707371
-0.3335222
-0.34790686
-1.6174003
0.12584037
-0.66927713
-0.78541154
0.044698764
-0.36022905
-1.1307181
-0.94941753
-1.7157774
0.20944422
0.88280135
0.35396272
-0.80200607
0.15710934
0.4873102
0.1954245
-1.2404402
-0.002937667
-0.22101656
0.12431462
-0.384551
-0.4813264
-0.94668853
-1.0236081
0.7355299
1.0030179
-0.5908307
-0.2733614
0.6868628
-0.10610918
-0.04993847
0.09300901
Name: dwayne
1.2853225
0.1924932
0.45470953
-1.313052
0.9939938
0.23899841
0.4039044
1.2211232
0.84987503
0.21895185
0.81370085
1.7926958
-1.1853021
-1.2489797
-0.8039477
0.86929846
0.56327784
-0.053938553
-0.91545165
-0.85151464
0.9533086
0.6515213
1.5864508
1.585245
-0.61561966
-0.3958578
0.48866755
0.8023789
-0.8877776
-0.65434694
0.040870033
0.6503763
1.126445
-0.11447285
-0.47286212
0.77933526
1.7989482
0.22015889
-0.489241
0.4950503
-1.343269
0.41927338
-0.90351254
0.5904154
1.3788049
1.7734003
2.6100132
-0.7158925
0.43923643
-0.839586
-1.3729498
0.36594668
0.9233005
-0.94133043
0.09981951
0.34252495
0.2238889
-1.5151263
-0.9379995
-0.021836333
-0.13047281
0.7145788
0.6508487
0.6971432
-0.5162804
0.86680585
-1.0305254
0.49841
3.4972963
0.5285342
0.34240404
-0.7763997
-1.7066464
0.6521836
-0.6891039
-0.7548242
0.1741003
0.5063116
-0.44621205
1.7687103
-1.172392
-0.5018981
-0.09961252
0.42359927
-0.53595513
0.6476722
-0.18931222
-0.23204972
0.08150452
-0.49683785
-0.4227847
-1.1021726
-0.69633925
0.775074
0.14403321
1.3970456
1.0104845
-0.20302562
0.89817846
-0.046293903
0.4128155
0.034326307
-0.6076001
0.90911466
-0.7048639
1.1383064
0.42046776
-0.11796951
0.39673567
-0.29550195
-0.2574372
0.69598573
2.1638567
-0.4254871
-0.3832432
-0.6429576
-0.7106383
0.6549306
-1.1878601
0.19319853
0.9441383
-1.2396941
0.037743516
1.0185804
1.7600316
0.22772738
0.10349155
0.15797839
0.063945025
-0.31868702
1.2771245
0.37112457
0.6536574
0.59236073
-0.6220242
-0.29140884
0.94127244
0.8480817
-0.29795432
0.52846366
0.11145501
-0.6031009
0.95083475
2.5256925
1.1919068
0.5338102
-1.0966998
-2.00337
-0.033311263
0.15822968
1.2075005
1.2291157
1.4679677
-2.0546606
0.4150809
-1.107512
-0.08502589
-1.324352
-1.1099598
1.0009209
-2.9911504
0.18760717
0.42985737
0.2932047
-0.2114991
-0.9680135
-1.4291738
0.63932514
-0.8950901
-0.9300241
0.33296424
0.22571956
-0.64811766
1.0020158
0.9901325
0.32501358
0.2387209
-1.8900449
-0.65638673
1.9652659
-1.086878
-1.9851617
0.42152157
0.96768486
0.2756732
-0.88880205
0.19854628
-0.33170694
0.89622027
-1.1267233
-0.10446593
0.79911447
0.63302666
-0.5369504
-0.09569529
0.76004916
-0.8853351
-1.7192327
0.6325042
0.16351254
0.66376334
-0.9987892
0.39410812
1.4642627
0.74871004
-0.270844
-0.71122116
-1.1278512
0.7188924
-0.7668614
-0.45463276
0.26054907
1.0077999
-1.0741851
-1.2948396
0.4954387
-0.35721442
0.7284221
-1.7037474
1.1824256
0.86044943
0.31826434
0.6265094
-0.2760448
0.30631432
-1.4632255
2.0700965
-0.44578403
2.3094187
0.26252586
-1.5982152
1.4035264
0.87014747
-0.07668309
0.16846518
-0.8253532
0.79521155
-1.3431615
-1.9374175
0.7096941
-0.625083
-0.19980355
-1.0397054
-1.0094985
1.0917727
0.38206005
-0.5118298
1.345307
0.98011625
-1.3489265
-0.19323751
1.2932707
0.43416488
0.100827724
0.3386291
0.042145565
0.050057273
-0.99950373
-0.52238595
-0.022607759
-0.9111519
0.39624923
1.1376338
-0.68718565
-0.5295729
0.5968828
0.69127846
-0.48883504
0.32845953
-0.32324228
0.6927124
0.94584036
0.6037004
-2.422265
-0.21645544
-1.0204037
0.044043854
0.99573135
-0.086094484
0.98771095
0.81489384
-0.84429413
0.43053228
-1.4558474
-0.53825325
-0.07431075
-0.6925474
-3.0771742
-0.110801265
0.13477579
-0.8201793
-0.0078448765
-0.776955
0.5045385
0.24510428
0.12032378
0.6654738
-1.022025
-1.2416782
0.31596792
0.81347716
-0.3862184
-1.1078515
-1.3358204
-1.9934945
-0.1066608
0.062375903
0.20669648
-0.8212587
-1.3987463
1.5289838
0.22772764
0.9345119
-0.7975222
-0.8695419
1.3085687
-0.47338575
1.4248474
0.40638614
1.3921089
0.15190643
0.9951516
0.86366653
1.0018978
0.6973177
-0.8318466
-1.1941823
-0.6114497
-0.06942445
-0.7156582
-0.5125763
-0.7533836
-1.5169046
-1.0711209
-0.068811096
0.59839875
-1.4600879
0.3677203
-1.5311943
0.2938148
0.14707027
1.4552728
-0.26533034
0.1549816
-1.2864666
0.24357964
0.87393415
0.9576913
-0.57487726
1.0099696
1.1757573
-1.8202726
-0.42612174
0.5134747
-1.0218519
0.015190691
3.0492017
-1.0874735
-0.1959866
-1.452423
-0.38913697
-0.40504998
0.928196
-1.1600118
1.2335896
-2.287347
0.27412587
-1.1031604
0.8416115
0.96454614
1.2776912
0.11853732
-1.6342845
-1.3397256
-1.7985406
2.0204682
-0.05036332
0.17816843
-0.78038156
0.46084404
-0.6182262
0.12856844
0.3095696
-0.65273005
0.7774961
0.028826028
1.0045168
-1.6737819
0.18973991
-1.6183435
-0.4966742
0.5699395
1.2719203
1.5492423
0.71458006
1.4335499
-0.065009564
0.4900801
0.30075583
-0.57536745
0.6934195
0.2692112
-2.1635187
0.77209824
-1.2825016
-0.03345944
0.47579744
0.1539196
0.2667146
0.315566
-0.037648942
0.24838936
1.268912
-0.60640013
-0.14964247
-0.4116871
1.633897
0.43280828
0.40481913
0.81628436
0.7924769
0.05219713
-0.15221529
0.4744148
1.4107782
1.3215052
-0.21611726
0.3754765
-0.15586817
-0.44547543
-1.3366762
2.2458847
-1.891382
0.5057922
-0.9900344
0.2898925
-1.4119192
-1.8145745
0.008560777
0.10563098
-0.68935215
-1.1774691
0.37937552
0.82608396
-0.62293375
-0.50281906
-3.1056972
0.500861
0.4595312
-0.21676323
0.527463
-2.3813672
0.5334144
-0.48477232
0.49668986
0.44667822
2.8936105
-1.1125033
1.1507471
-2.0458257
-0.46657547
-0.2844724
-1.318862
-0.15144423
0.40397078
-0.26330507
0.91179585
0.61032593
-0.12860446
-1.4991084
-2.056741
-1.206452
0.81216496
0.88434273
-0.43710446
-0.14185074
0.23525277
0.6778168
-0.47522616
0.6956395
-1.3300698
-1.5401464
1.8814555
-0.036477957
0.5260214
-1.7659988
0.3086814
0.71226084
0.4747846
1.6133194
-0.08188608
-1.3391576
-0.68298006
0.88156646
0.3595474
0.30887628
0.2985236
-0.10751928
-0.8789717
-0.2443848
0.20899205
-0.2294548
0.9891476
-0.34269667
1.5105711
0.81996536
0.5388746
0.7535492
-2.0054185
-0.044972256
-1.1458353
-1.6811652
